mean: 39.80333031975
standard_deviation: 17.29539292877718
