mean: 23.01635557
standard_deviation: 1.7503700133141165
