mean: 11.501284067942308
standard_deviation: 0.1276885932568398
