mean: 20.007241447714286
standard_deviation: 5.580735125516577
