mean: 46.725897367
standard_deviation: 1.0330555913694273
