mean: 20.356690085
standard_deviation: 0.5723950746690007
