mean: 10.408214253180555
standard_deviation: 0.41178302017794216
