mean: 3.890082198
standard_deviation: 0.007765483440543379
