mean: 18.288814609423078
standard_deviation: 0.47436377956023645
