mean: 20.009312232471697
standard_deviation: 66.85755130239662
