mean: 9.1373246705
standard_deviation: 0.09838290672769925
