mean: 18.6859032015
standard_deviation: 2.603649965583199
