mean: 39.61644446
standard_deviation: 2.2269095982083558
