mean: 10.877537179567568
standard_deviation: 2.5330018423006946
