mean: 6.024542063376623
standard_deviation: 0.6561803901266042
