mean: 78.29846234316666
standard_deviation: 2.6727189663109434
