mean: 30.6516894015
standard_deviation: 0.802610422640361
