mean: 35.388722279666666
standard_deviation: 0.5829580350232756
