mean: -358.337182349
standard_deviation: 1.0617072371166367
