mean: 46.309895697
standard_deviation: 66.69323808369688
