mean: 30.671678887666666
standard_deviation: 1.2875016969034472
