mean: 8.461800521370371
standard_deviation: 1.003620054485315
