mean: 42.112269095533335
standard_deviation: 0.1486478770098459
