mean: 16.145194252894736
standard_deviation: 1.9790603470624288
