mean: 8.941982181333334
standard_deviation: 0.372028366596617
