mean: 9.893305527311112
standard_deviation: 0.632772607020168
