mean: 47.051315699
standard_deviation: 5.81998402531219
