mean: 51.76738344033333
standard_deviation: 17.21426573879305
