mean: 45.4013911655
standard_deviation: 1.969736679887036
