mean: 50.9585003475
standard_deviation: 5.834421756749639
