mean: 5.9151518515
standard_deviation: 1.4882838568371253
