mean: 33.80527900671223
standard_deviation: 73.40419607612984
