mean: 20.410613757
standard_deviation: 1.9905682033456045
