mean: 23.18674376046
standard_deviation: 0.6410309146251618
