mean: 16.737397378
standard_deviation: 1.8896854954358946
