mean: 12.43154388722078
standard_deviation: 1.3243575914720513
