mean: 1.4798784919999999
standard_deviation: 1.7520314144366305
