mean: 3.5808487875
standard_deviation: 0.08142223923151842
