mean: 33.5186932315
standard_deviation: 7.901865100379978
