mean: 15.930983493840909
standard_deviation: 0.9884647580828216
