mean: 33.049471205375
standard_deviation: 7.129683281105816
