mean: 102.512551256
standard_deviation: 9.420421857660243
