mean: 4.889519879209303
standard_deviation: 0.1320160359156577
