mean: 42.8071705915
standard_deviation: 2.2063885342036285
