mean: 29.957291775799998
standard_deviation: 8.437061594247716
