mean: 14.615985645518988
standard_deviation: 1.186947897748154
