mean: 8.319852709464286
standard_deviation: 4.392131780943157
