mean: 10.446053182128205
standard_deviation: 1.0012193112304353
