mean: 32.743138019
standard_deviation: 6.009145153139866
