mean: 19.58003614340458
standard_deviation: 14.13542795597391
