mean: 0.2770054405
standard_deviation: 0.27041120321197354
