mean: 15.961407326125
standard_deviation: 1.6061736866492948
