mean: 89.276982766
standard_deviation: 2.6816250464670546
