mean: 2.23194543725
standard_deviation: 1.1020242890595588
