mean: 32.897123423
standard_deviation: 0.7611428348867854
