mean: 11.784256691
standard_deviation: 9.532913237925317
