mean: 15.673046356108696
standard_deviation: 1.956413716193605
