mean: 50.494414663571426
standard_deviation: 0.8788651957447652
