nodes_of_interest:
  c022: [-0.71, -2.33, 0]
  c018: [-5.42, -8.83, 0]
  c019: [-8.49, -13.75, 0]
  c017: [-11.56, -18.49, 0]
  c016: [-15.44, -24.74, 0]
  c015: [-17.45, -27.92, 0]
  c014: [-22.16, -34.77, 0]
  c013: [-24.89, -39.11, 0]
  c012: [-29.44, -46.13, 0]
  square_inter_1: [-31.5, -49, 0]
  common_area_entrance: [-38.75, -44.28, 0]
  common_area_exit: [-53.09, -34.78, 0]
  square_inter_2: [-60, -30, 0]
  c058: [-54.41, -20.59, 0]
  c060: [-51.11, -15.48, 0]
  c062: [-45.31, -6.34, 0]
  c063: [-44.29, -4.76, 0]
  c064: [-41.17, 0.15, 0 ]
  square_inter_3: [-37.5, 5, 0]
  glass_corridor_entrance: [-30.77, 2.67, 0]
  glass_corridor_exit: [-11.71, -3.32, 0]
  main_entrance: [-15.17, -60.08, 0]
  elevator_1: [-8.59, -66.21, 0]
  atm: [-13, -70, 0]
  stairs_mensa: [-14, -75, 0]
  mensa_entrance: [-16.95, -76.81, 0]
  vending_machine: [-31.07, -102.69, 0]
  A049: [-33.04047, -107.2446, -0.1973825]
  A045: [ -58.36, -141.96, 0]
  street_end: [-63, -145, 0]
  faraway_end: [-67, 18.5, 0]
base_dir: 'angela'
event_radius: 0.5
event_threshold: 0.1
