mean: 42.371059722
standard_deviation: 0.6587281739786998
