mean: 53.61463662097619
standard_deviation: 3.1209263805275786
