mean: 7.765958612403846
standard_deviation: 0.27436734288995845
