mean: 21.64677165956
standard_deviation: 1.9003755871764685
