mean: 5.686006661035461
standard_deviation: 0.4478476366568054
