mean: 441.4354996876
standard_deviation: 101.32410017642732
