mean: 4.784624181625
standard_deviation: 0.39041995456893264
