mean: 0.4407966755
standard_deviation: 0.331087376733526
