mean: 39.77567017185714
standard_deviation: 12.628016797003651
