mean: 48.138404189666666
standard_deviation: 83.05552427072533
