mean: 48.4808627645
standard_deviation: 5.026496467104761
