mean: 56.056622055125004
standard_deviation: 1.2098711708952208
