mean: 0.23833058949999997
standard_deviation: 0.09466776911355904
