mean: 45.88742678325
standard_deviation: 12.967515384840274
