mean: 12.018122271987012
standard_deviation: 9.005209365646884
