mean: 13.094054578222222
standard_deviation: 0.40305829763795514
