mean: 26.4823701875
standard_deviation: 0.48129550420534406
