mean: 39.71743516424324
standard_deviation: 0.3254268398006496
