mean: 13.321599382140741
standard_deviation: 0.3561976448553919
