mean: 61.44031621
standard_deviation: 0.03013358316865051
