mean: 46.732677107444445
standard_deviation: 0.582869075604391
