mean: 7.566726919500001
standard_deviation: 0.2053111798141557
