mean: 10.640722619222222
standard_deviation: 1.7138451593988875
