mean: 27.415635764999998
standard_deviation: 1.315553917385764
