mean: 11.629077709924813
standard_deviation: 0.6821178228553562
