mean: 104.46123960033333
standard_deviation: 212.68206557490961
