mean: 0.20571385425
standard_deviation: 0.12351075583271863
